#1

double tab1(1661,2)
0	56.8
2.87	56.84
5.87	56.95
8.995	56.98
11.87	56.95
14.87	57
18	57.05
21	57.15
23.87	57.16
26.87	57.15
30	57.13
32.87	57.31
35.87	57.29
39	57.3
41.87	57.33
44.87	57.46
48	57.46
50.87	57.43
53.87	57.46
57	57.58
60	57.61
62.87	57.6
65.995	57.57
68.995	57.67
71.87	57.74
74.87	57.77
78	57.74
80.87	57.78
83.87	57.81
87	57.91
89.87	57.9
92.87	57.91
96	57.93
99	57.94
101.87	58.01
105	58.02
108	58.04
110.87	58.07
113.87	58.08
117	58.08
119.87	58.03
122.87	58.11
125.995	58.13
128.87	58.16
131.87	58.21
135	58.22
138	58.21
140.87	58.23
143.87	58.23
147	58.22
149.87	58.24
152.87	58.22
156	58.23
159	58.21
161.87	58.25
164.87	58.31
168	58.32
170.87	58.34
173.87	58.36
176.87	58.38
180	58.35
182.87	58.35
185.87	58.38
188.995	58.4
191.87	58.36
194.87	58.41
197.87	58.38
201	58.4
203.87	58.37
206.87	58.38
210	58.41
213	58.4
215.87	58.37
218.87	58.37
222	58.4
224.87	58.38
227.87	58.46
230.87	58.46
234	58.45
236.87	58.43
239.87	58.51
242.87	58.5
245.87	58.54
248.995	58.49
251.87	58.51
254.87	58.5
258	58.54
261	58.54
263.87	58.54
266.87	58.51
270	58.55
272.87	58.51
275.87	58.55
278.87	58.54
282	58.55
284.87	58.55
287.87	58.54
291	58.55
294	58.56
296.87	58.55
299.87	58.54
303	58.52
305.87	58.52
308.87	58.51
312	58.52
315	58.56
317.87	58.54
320.87	58.56
324	58.5
326.87	58.51
329.87	58.57
332.87	58.57
336	58.51
338.87	58.54
341.87	58.56
345	58.55
347.87	58.52
350.87	58.57
354	58.55
357	58.56
359.87	58.55
362.87	58.56
365.995	58.54
368.995	58.55
371.87	58.55
374.87	58.57
377.87	58.55
380.87	58.56
384	58.54
386.87	58.54
389.87	58.55
393	58.55
396	58.55
398.87	58.56
401.87	58.57
404.87	58.57
408	58.57
410.87	58.56
413.87	58.55
416.87	58.55
420	58.52
422.87	58.48
425.87	58.51
428.87	58.43
432	58.45
435	58.46
437.87	58.4
440.87	58.41
444	58.42
446.87	58.38
449.87	58.4
452.87	58.38
456	58.42
458.87	58.41
461.87	58.41
465	58.4
468	58.38
470.87	58.4
473.87	58.41
477	58.32
479.87	58.38
482.87	58.3
485.87	58.3
488.995	58.23
491.87	58.27
494.87	58.25
497.87	58.24
500.87	58.25
503.87	58.24
507	58.24
510	58.28
513	58.28
516	58.25
519	58.28
522	58.27
525	58.25
528	58.27
531	58.24
534	58.27
537	58.25
539.87	58.23
543	58.19
545.995	58.09
548.995	58.13
552	58.13
555	58.14
558	58.08
561	58.08
564	58.1
567	58.09
570	58.1
573	58.1
576	58.09
579	58.09
582	58.11
585	58.1
588	58.1
590.87	58.11
594	58.12
597	58.12
600	58.11
603	58.11
605.995	58.1
608.995	58.02
612	58
615	57.96
618	58
621	57.97
624	57.98
627	57.95
629.87	57.96
633	57.97
636	57.98
639	57.97
642	57.97
645	57.97
648	57.97
651	57.98
654	57.88
657	57.88
660	57.83
663	57.83
665.995	57.82
668.995	57.84
672	57.82
675	57.81
678	57.83
681	57.83
684	57.83
687	57.83
690	57.83
693	57.82
696	57.77
699	57.79
702	57.74
705	57.72
708	57.64
711	57.67
714	57.65
717	57.65
720	57.65
723	57.64
725.995	57.67
728.995	57.67
732	57.65
735	57.65
738	57.65
741	57.68
744	57.68
747	57.65
750	57.6
753	57.63
756	57.6
759	57.62
762	57.59
765	57.55
768	57.54
771	57.53
774	57.56
777	57.53
780	57.56
783	57.53
785.995	57.5
788.87	57.53
791.87	57.53
795	57.53
798	57.53
801	57.51
804	57.53
807	57.53
810	57.53
813	57.54
816	57.54
819	57.51
822	57.51
825	57.54
828	57.53
831	57.51
834	57.51
836.87	57.54
840	57.51
843	57.53
845.995	57.54
848.995	57.54
852	57.5
855	57.51
858	57.54
861	57.51
864	57.56
867	57.55
870	57.5
873	57.51
876	57.5
879	57.53
882	57.5
885	57.53
888	57.51
891	57.55
894	57.51
897	57.53
900	57.53
903	57.55
905.995	57.54
908.995	57.54
912	57.54
915	57.55
918	57.55
921	57.54
923.87	57.54
927	57.55
930	57.54
933	57.55
936	57.55
939	57.54
942	57.55
945	57.57
948	57.55
951	57.55
954	57.55
956.87	57.54
960	57.54
963	57.57
965.995	57.55
968.995	57.53
972	57.51
975	57.54
978	57.54
981	57.55
983.87	57.56
987	57.57
990	57.57
993	57.57
996	57.55
998.87	57.55
1002	57.55
1005	57.54
1008	57.55
1011	57.55
1014	57.55
1017	57.56
1020	57.54
1023	57.54
1025.995	57.54
1028.87	57.56
1032	57.54
1035	57.55
1038	57.54
1041	57.54
1044	57.55
1047	57.56
1050	57.55
1053	57.55
1056	57.55
1059	57.57
1062	57.55
1065	57.55
1068	57.6
1071	57.55
1074	57.55
1077	57.55
1080	57.55
1083	57.58
1085.995	57.56
1088.995	57.55
1092	57.56
1095	57.56
1098	57.56
1101	57.56
1104	57.55
1107	57.6
1110	57.56
1113	57.55
1116	57.59
1119	57.55
1122	57.55
1125	57.59
1128	57.57
1131	57.55
1134	57.61
1137	57.65
1140	57.57
1142.87	57.6
1145.995	57.65
1148.995	57.65
1152	57.7
1155	57.61
1158	57.68
1161	57.73
1164	57.66
1167	57.61
1170	57.66
1173	57.69
1176	57.68
1179	57.69
1182	57.71
1185	57.72
1187.87	57.69
1191	57.72
1194	57.67
1197	57.72
1200	57.7
1203	57.71
1205.995	57.75
1208.995	57.7
1212	57.7
1215	57.69
1218	57.66
1221	57.7
1224	57.67
1227	57.67
1230	57.69
1233	57.67
1236	57.66
1239	57.67
1242	57.65
1245	57.7
1248	57.67
1251	57.71
1254	57.69
1257	57.72
1260	57.67
1263	57.75
1265.995	57.72
1268.995	57.76
1272	57.75
1275	57.76
1278	57.75
1281	57.72
1284	57.75
1287	57.76
1290	57.74
1293	57.75
1296	57.75
1299	57.72
1302	57.76
1305	57.74
1308	57.75
1311	57.74
1314	57.74
1317	57.74
1320	57.74
1323	57.75
1325.995	57.75
1328.995	57.75
1332	57.75
1335	57.75
1338	57.74
1341	57.75
1344	57.76
1347	57.72
1350	57.76
1353	57.75
1356	57.76
1359	57.75
1362	57.75
1365	57.76
1368	57.76
1371	57.77
1374	57.76
1377	57.76
1380	57.75
1383	57.74
1385.995	57.75
1388.995	57.75
1392	57.74
1395	57.77
1398	57.72
1401	57.72
1404	57.75
1407	57.76
1410	57.76
1413	57.77
1416	57.76
1419	57.77
1422	57.76
1425	57.77
1428	57.77
1431	57.76
1434	57.74
1437	57.77
1440	57.77
1443	57.74
1445.995	57.77
1448.995	57.76
1452	57.78
1455	57.75
1458	57.75
1461	57.78
1464	57.75
1467	57.76
1470	57.76
1473	57.78
1475.87	57.77
1479	57.77
1482	57.78
1485	57.78
1488	57.77
1491	57.76
1494	57.78
1497	57.77
1500	57.76
1503	57.77
1505.995	57.78
1508.995	57.78
1511.87	57.78
1515	57.77
1518	57.78
1521	57.77
1524	57.78
1527	57.77
1530	57.76
1533	57.77
1536	57.77
1539	57.76
1542	57.77
1545	57.75
1548	57.76
1551	57.78
1554	57.79
1556.87	57.78
1560	57.78
1563	57.78
1565.995	57.76
1568.995	57.77
1572	57.79
1575	57.78
1578	57.81
1581	57.77
1584	57.76
1587	57.78
1590	57.78
1593	57.76
1596	57.77
1599	57.77
1602	57.76
1605	57.79
1608	57.75
1611	57.77
1614	57.78
1617	57.12
1620	46.68
1623	34.33
1625.995	28.83
1628.995	26.27
1632	24.98
1635	24.23
1637.87	23.66
1641	23.25
1644	22.91
1646.87	22.67
1650	22.51
1653	22.22
1656	22.02
1659	21.82
1662	21.69
1665	21.51
1668	21.33
1671	21.17
1674	20.98
1677	20.83
1680	20.66
1683	20.67
1685.995	20.5
1688.995	20.4
1692	20.35
1695	20.3
1698	20.19
1701	20.07
1704	20
1707	19.9
1710	19.92
1713	19.79
1716	19.74
1719	19.64
1722	19.54
1725	19.56
1728	19.4
1731	19.4
1734	19.41
1737	19.37
1740	19.31
1743	19.27
1745.995	19.15
1748.995	19.07
1752	19.01
1755	18.87
1758	18.82
1761	18.75
1764	18.58
1767	18.39
1770	18.21
1773	18.09
1776	17.75
1779	17.39
1782	16.91
1785	16.57
1788	16.08
1790.87	15.6
1794	15.25
1797	14.76
1800	14.43
1803	14.11
1805.995	13.76
1808.995	13.43
1812	13.16
1815	12.91
1818	12.59
1821	12.27
1824	12.06
1827	11.91
1830	11.66
1833	11.42
1836	11.22
1839	11.08
1842	10.91
1845	10.86
1848	10.72
1851	10.54
1854	10.37
1857	10.3
1860	10.23
1863	10.06
1865.995	10.01
1868.995	9.87
1872	9.72
1875	9.72
1878	9.53
1881	9.58
1884	9.43
1887	9.41
1890	9.35
1893	9.25
1896	9.25
1899	9.16
1902	9.08
1905	9.06
1908	9.06
1911	9.01
1914	8.91
1917	8.9
1920	8.87
1922.87	8.87
1925.87	8.91
1928.995	8.9
1932	8.78
1935	8.8
1938	8.81
1941	8.72
1944	8.67
1947	8.71
1950	8.76
1953	8.76
1956	8.74
1959	8.73
1962	8.73
1965	8.74
1968	8.74
1971	8.79
1974	8.6
1977	8.66
1980	8.68
1983	8.75
1985.995	8.68
1988.995	8.56
1992	8.64
1995	8.68
1998	8.75
2001	8.7
2004	8.68
2007	8.67
2010	8.68
2013	8.64
2016	8.63
2019	8.57
2022	8.57
2025	8.6
2028	8.58
2031	8.61
2034	8.63
2037	8.64
2040	8.72
2043	8.58
2045.995	8.63
2048.995	8.6
2052	8.66
2055	8.7
2058	8.75
2061	8.75
2064	8.77
2067	8.77
2070	8.75
2073	8.78
2076	8.82
2079	8.82
2082	8.89
2085	8.96
2088	8.92
2091	8.86
2093.87	8.93
2097	9.03
2100	9.12
2103	9.12
2105.995	9.1
2108.995	9.09
2112	9.17
2115	9.26
2118	9.27
2121	9.26
2124	9.22
2127	9.26
2130	9.23
2132.87	9.26
2136	9.22
2139	9.26
2141.87	9.26
2145	9.26
2148	9.26
2151	9.24
2154	9.24
2157	9.26
2160	9.26
2163	9.28
2165.87	9.27
2168.995	9.28
2171.87	9.24
2175	9.31
2178	9.28
2180.87	9.27
2184	9.28
2187	9.24
2190	9.28
2193	9.27
2196	9.23
2199	9.22
2202	9.24
2205	9.24
2208	9.23
2211	9.28
2214	9.24
2217	9.26
2220	9.24
2222.87	9.24
2225.995	9.27
2228.995	9.27
2232	9.27
2235	9.23
2238	9.24
2241	9.27
2244	9.27
2247	9.28
2250	9.26
2253	9.23
2255.87	9.26
2259	9.28
2261.87	9.27
2265	9.26
2267.87	9.28
2271	9.27
2274	9.26
2277	9.28
2280	9.3
2283	9.3
2285.995	9.34
2288.995	9.3
2291.87	9.37
2295	9.39
2298	9.39
2300.87	9.42
2303.87	9.34
2307	9.38
2310	9.38
2313	9.39
2316	9.41
2319	9.39
2322	9.41
2325	9.39
2328	9.45
2331	9.45
2334	9.47
2337	9.39
2339.87	9.44
2342.87	9.48
2345.995	9.49
2348.87	9.49
2351.87	9.47
2355	9.43
2358	9.49
2361	9.49
2364	9.48
2367	9.49
2370	9.48
2373	9.48
2376	9.47
2379	9.47
2382	9.47
2385	9.52
2388	9.48
2391	9.55
2394	9.55
2397	9.58
2400	9.6
2403	9.61
2405.995	9.63
2408.995	9.58
2412	9.6
2415	9.63
2418	9.63
2421	9.65
2424	9.65
2427	9.8
2430	9.76
2433	9.79
2436	10.1
2438.87	13.47
2442	20.29
2445	28.32
2448	36.51
2451	43.68
2454	49.19
2457	53.37
2460	55.99
2463	57.41
2465.995	58.34
2468.995	58.78
2472	59.26
2475	59.68
2478	60.18
2481	60.54
2484	60.8
2487	60.81
2490	60.62
2493	60.63
2496	60.67
2499	60.71
2502	60.83
2505	60.83
2508	60.66
2511	60.52
2514	60.18
2516.87	59.88
2519.87	59.68
2523	59.43
2525.995	59.24
2528.995	59.18
2532	59.03
2535	58.92
2538	58.78
2541	58.77
2544	58.64
2547	58.68
2550	58.49
2553	58.5
2556	58.53
2558.87	58.48
2562	58.5
2565	58.59
2568	58.7
2571	58.84
2574	58.99
2577	58.99
2580	58.98
2583	58.92
2585.995	58.77
2588.995	58.69
2592	58.62
2595	58.5
2598	58.55
2601	58.54
2604	58.7
2607	58.83
2610	58.8
2613	58.72
2616	58.64
2619	58.39
2622	58.38
2625	58.24
2628	58.25
2631	58.25
2634	58.23
2637	58.37
2640	58.51
2643	58.7
2645.995	58.82
2648.995	58.96
2652	58.99
2655	58.97
2658	58.97
2661	58.99
2664	58.99
2667	58.97
2670	59.03
2673	58.99
2676	59.07
2679	59.16
2682	59.32
2685	59.32
2688	59.47
2691	59.46
2693.87	59.3
2697	59.32
2700	59.27
2703	59.27
2705.995	59.12
2708.995	58.96
2712	58.96
2715	59.18
2718	59.27
2721	59.29
2724	59.44
2727	59.43
2730	59.43
2732.87	59.42
2735.87	59.26
2739	59.18
2742	59.01
2745	59.04
2748	59.15
2750.87	59.17
2754	59.15
2757	59.15
2760	59.12
2763	59.27
2765.995	59.25
2768.995	59.13
2772	59.14
2775	59
2778	58.99
2781	59.01
2784	59.13
2787	59.17
2789.87	59.13
2793	59.14
2796	59.17
2799	59.13
2802	59.14
2805	59.08
2808	58.91
2811	58.86
2814	58.86
2817	58.84
2820	58.87
2823	58.86
2825.995	58.98
2828.995	59.03
2832	59.15
2835	59
2838	58.96
2841	58.93
2844	59.01
2847	59.03
2850	59.03
2853	59.01
2856	59.09
2859	59.21
2862	59.32
2865	59.3
2868	59.16
2871	59
2874	58.9
2877	58.89
2880	58.85
2883	58.89
2885.995	58.84
2888.995	58.83
2892	58.98
2895	59.16
2898	59.14
2901	59.14
2904	59.17
2907	59.22
2910	59.24
2913	59.16
2916	59.09
2918.87	59.01
2922	59.01
2925	58.96
2928	58.91
2931	59.01
2934	59
2937	58.99
2940	59.11
2943	59.16
2945.995	59.16
2948.995	59.26
2952	59.34
2955	59.27
2958	59.18
2961	59.03
2964	59.03
2966.87	58.95
2970	58.88
2973	58.91
2976	58.96
2979	59.17
2982	59.34
2985	59.45
2988	59.51
2991	59.33
2994	59.18
2997	59.03
3000	58.88
3003	58.73
3005.995	58.72
3008.995	58.75
3012	59
3015	59.22
3018	59.37
3021	59.51
3024	59.68
3027	59.61
3030	59.52
3033	59.36
3036	59.37
3039	59.2
3042	59.12
3045	59.05
3048	59.17
3051	59.24
3054	59.28
3057	59.37
3060	59.37
3063	59.22
3065.995	59.06
3068.995	59.07
3072	58.99
3075	58.9
3078	59
3081	59.07
3084	59.23
3087	59.43
3090	59.54
3093	59.51
3096	59.39
3099	59.22
3102	59.21
3105	59.07
3108	58.9
3111	58.76
3114	58.77
3117	58.9
3120	59.18
3123	59.2
3125.995	59.41
3128.995	59.57
3132	59.55
3134.87	59.53
3137.87	59.39
3141	59.22
3144	58.98
3147	58.77
3150	58.81
3153	58.83
3156	58.93
3159	58.96
3162	59.16
3164.87	59.4
3168	59.53
3171	59.45
3173.87	59.3
3177	59.11
3179.87	59.04
3183	58.9
3185.995	58.79
3188.995	58.72
3192	58.78
3195	59.06
3198	59.32
3201	59.42
3204	59.52
3207	59.44
3210	58.8
3212.87	55.81
3216	50.66
3219	43.92
3222	36.96
3225	30.8
3228	26.23
3231	22.94
3234	20.16
3237	18.16
3240	16.52
3243	15.29
3245.995	14.33
3248.995	13.67
3251.87	13.09
3254.87	12.67
3258	12.27
3260.87	11.99
3264	11.65
3267	11.44
3270	11.33
3273	11.23
3276	11.15
3279	10.98
3282	11.01
3285	10.96
3288	10.82
3291	10.81
3294	10.74
3297	10.66
3300	10.66
3303	10.64
3305.995	10.64
3308.995	10.64
3312	10.57
3315	10.49
3318	10.5
3321	10.46
3324	10.48
3327	10.44
3330	10.46
3333	10.48
3336	10.46
3339	10.39
3342	10.34
3345	10.31
3348	10.29
3351	10.28
3354	10.32
3357	10.31
3360	10.35
3363	10.35
3365.995	10.29
3368.995	10.31
3372	10.29
3375	10.29
3378	10.31
3381	10.32
3384	10.33
3387	10.32
3390	10.22
3393	10.29
3396	10.33
3399	10.28
3402	10.32
3405	10.22
3408	10.23
3411	10.29
3414	10.23
3417	10.21
3420	10.22
3423	10.17
3425.995	10.19
3428.87	10.19
3431.87	10.15
3435	10.18
3438	10.15
3441	10.14
3444	10.15
3447	10.15
3450	10.13
3453	10.17
3456	10.14
3459	10.17
3462	10.15
3465	10.17
3468	10.15
3471	10.1
3474	10.14
3477	10.17
3480	10.14
3483	10.15
3485.995	10.15
3488.995	10.15
3492	10.14
3495	10.18
3498	10.17
3501	10.17
3504	10.19
3507	10.14
3510	10.11
3513	10.18
3516	10.17
3519	10.17
3522	10.23
3525	10.22
3528	10.22
3531	10.13
3534	10.19
3537	10.17
3540	10.18
3543	10.15
3545.995	10.23
3548.995	10.17
3552	10.17
3555	10.21
3558	10.18
3561	10.17
3564	10.14
3567	10.17
3570	10.15
3573	10.18
3576	10.15
3579	10.21
3582	10.17
3585	10.21
3588	10.18
3591	10.19
3594	10.21
3597	10.15
3600	10.15
3603	10.17
3605.995	10.18
3608.995	10.15
3612	10.17
3615	10.15
3618	10.17
3620.87	10.17
3624	10.15
3627	10.21
3630	10.14
3633	10.21
3636	10.17
3639	10.15
3642	10.17
3645	10.17
3648	10.17
3651	10.21
3654	10.21
3657	10.19
3659.87	10.22
3663	10.22
3665.995	10.23
3668.87	10.22
3672	10.17
3675	10.14
3678	10.27
3681	10.24
3684	10.17
3687	10.24
3690	10.31
3693	10.23
3696	10.22
3699	10.15
3702	10.22
3705	10.22
3708	10.22
3711	10.24
3714	10.24
3717	10.19
3720	10.23
3723	10.24
3725.995	10.21
3728.995	10.24
3732	10.22
3735	10.27
3738	10.3
3741	10.23
3744	10.21
3747	10.27
3750	10.22
3753	10.22
3756	10.21
3759	10.21
3762	10.18
3765	10.17
3768	10.36
3771	13.2
3774	18.96
3777	26.26
3780	33.67
3783	40.21
3785.995	45.56
3788.995	49.9
3792	53.05
3795	55.11
3798	56.37
3801	57.47
3804	58.21
3807	58.99
3810	59.72
3813	60.4
3816	60.92
3819	61.3
3822	61.53
3825	61.58
3828	61.56
3831	61.58
3834	61.5
3837	61.31
3840	61.15
3843	60.97
3845.995	60.79
3848.995	60.58
3852	60.24
3855	59.87
3858	59.7
3861	59.56
3864	59.28
3867	59.1
3870	58.98
3873	58.79
3876	58.73
3879	58.62
3882	58.61
3885	58.65
3888	58.76
3891	58.87
3894	58.89
3897	58.91
3900	58.85
3903	58.77
3905.995	58.73
3908.995	58.61
3912	58.46
3915	58.31
3918	58.44
3921	58.44
3924	58.56
3927	58.65
3930	58.73
3933	58.89
3936	58.82
3939	59.02
3942	59.04
3945	58.94
3948	58.85
3951	58.84
3954	58.88
3957	58.84
3960	58.78
3963	58.84
3965.995	58.95
3968.995	59.07
3971.87	59.25
3975	59.3
3978	59.18
3981	59.07
3984	59.01
3987	59.03
3990	59.01
3993	58.85
3996	58.88
3999	59
4002	59.04
4005	59.14
4008	59.21
4011	59.23
4014	59.21
4017	59.21
4020	59.21
4023	59.21
4025.995	59.1
4028.995	59.04
4032	59.07
4035	59.2
4038	59.21
4041	59.18
4044	59.2
4047	59.2
4050	59.31
4053	59.4
4056	59.2
4059	58.98
4062	58.87
4065	58.87
4068	58.87
4071	58.91
4074	59.05
4077	58.97
4080	59.21
4083	59.37
4085.995	59.47
4088.995	59.5
4092	59.37
4095	59.22
4098	59
4101	58.93
4104	58.78
4107	58.76
4110	58.81
4113	58.91
4116	59.01
4119	59.23
4122	59.18
4125	59.28
4128	59.13
4131	58.95
4134	58.9
4137	58.8
4140	58.81
4143	58.75
4145.995	58.94
4148.995	59.11
4152	59.05
4155	59.15
4158	59.25
4161	59.22
4164	59.14
4167	59.09
4170	59.07
4173	59.09
4175.87	59.09
4179	59.18
4182	59.25
4185	59.22
4188	59.34
4191	59.38
4194	59.37
4197	59.38
4200	59.38
4203	59.23
4205.995	59.13
4208.995	59.05
4211.87	58.87
4215	58.89
4218	59
4221	59.02
4224	59.04
4227	59.1
4230	59.22
4233	59.19
4236	59.22
4239	59.21
4242	59.23
4245	59.18
4248	59.19
4251	59.04
4254	59.14
4257	59.08
4260	59.2
4262.87	59.25
4265.995	59.26
4268.995	59.41
4272	59.37
4275	59.43
4278	59.37
4281	59.24
4284	59.17
4287	59
4290	58.94
4293	58.8
4296	58.81
4299	58.84
4302	58.94
4305	59.1
4308	59.13
4311	59.24
4314	59.16
4317	59.12
4320	59.17
4323	59.24
4325.995	59.15
4328.995	59.12
4332	59.14
4335	59.15
4338	59.13
4341	59.15
4344	59.1
4347	59.11
4350	59.1
4353	59.1
4356	59.11
4359	59.1
4362	59.28
4365	59.23
4368	59.15
4371	59.07
4374	59.15
4377	59.19
4380	59.31
4382.87	59.31
4385.995	59.18
4388.87	59.15
4391.87	59.14
4395	59.13
4398	59.16
4401	58.96
4404	59
4407	59.05
4410	59.15
4413	59.23
4416	59.23
4419	59.3
4422	59.25
4425	59.28
4428	59.25
4431	59.25
4434	59.19
4437	59.1
4440	59.13
4443	59.16
4445.995	59.09
4448.995	59.15
4452	59.1
4455	59.11
4458	59.1
4461	59.01
4464	59.11
4467	59.1
4470	59.05
4473	59.09
4476	59.25
4479	59.25
4482	59.42
4485	59.43
4488	59.3
4491	59.17
4494	59.05
4497	59.01
4500	58.97
4503	59.06
4505.995	59.09
4508.995	59.14
4512	59.19
4515	59.27
4518	59.29
4521	59.33
4524	59.2
4527	59.19
4530	59.02
4533	59.12
4536	59.17
4539	59.4
4542	59.21
4545	59.26
4548	59.25
4551	59.34
4554	59.35
4557	59.3
4560	59.24
4563	59.13
4565.995	59.2
4568.995	59.09
4572	59.01
4575	58.96
4578	58.81
4581	58.81
4584	59
4587	58.99
4590	59.17
4593	59.16
4596	59.29
4599	59.3
4602	59.33
4605	59.25
4608	59.15
4611	59.21
4614	59.11
4617	58.95
4620	58.94
4623	58.96
4625.995	58.96
4628.995	59.09
4632	59.15
4635	59.16
4638	58.72
4641	56.11
4644	51.32
4647	45.05
4650	38.13
4653	32.12
4656	27.23
4659	23.6
4662	20.92
4665	18.82
4668	17.22
4671	15.91
4674	14.94
4677	14.27
4680	13.63
4683	13.07
4685.995	12.75
4688.995	12.42
4692	12.15
4695	11.91
4698	11.67
4701	11.61
4704	11.5
4707	11.41
4710	11.38
4713	11.23
4716	11.22
4719	11.26
4722	11.13
4725	11.09
4728	11.12
4731	11.01
4734	11.1
4737	10.99
4740	10.93
4743	10.93
4745.995	10.92
4748.995	10.93
4752	10.99
4755	10.88
4758	10.96
4761	10.85
4764	10.74
4767	10.78
4770	10.75
4773	10.75
4776	10.77
4779	10.71
4782	10.73
4785	10.71
4788	10.74
4791	10.74
4794	10.77
4797	10.77
4800	10.74
4803	10.71
4805.995	10.71
4808.995	10.71
4812	10.71
4815	10.73
4818	10.68
4821	10.7
4824	10.68
4827	10.68
4830	10.6
4833	10.6
4836	10.58
4839	10.6
4842	10.57
4845	10.64
4848	10.65
4851	10.6
4854	10.64
4857	10.61
4860	10.62
4863	10.58
4865.995	10.61
4868.995	10.6
4872	10.58
4875	10.57
4878	10.61
4881	10.6
4884	10.58
4887	10.54
4890	10.58
4893	10.54
4896	10.5
4899	10.57
4902	10.54
4905	10.49
4908	10.47
4911	10.38
4914	10.45
4917	10.49
4920	10.43
4923	10.47
4925.995	10.4
4928.995	10.35
4932	10.44
4935	10.47
4938	10.39
4941	10.36
4944	10.38
4947	10.42
4950	10.38
4953	10.44
4956	10.43
4959	10.4
4962	10.44
4965	10.39
4968	10.39
4971	10.5
4974	10.43
4977	10.43
4980	10.43